[stock]
name1=信威集团
price1=16.900
name2=信威集团
price2=16.900
name3=信威集团
price3=16.900
name4=信威集团
price4=16.900
name5=信威集团
price5=16.900
name6=信威集团
price6=16.900
allCosts=92157.3
marketValue=809653
totalPercentage=88.61768%
totalShares=717495.7
percentage1=-0.8739526%
shares1=-89.4001
percentage2=-54.54179%
shares2=-6083.1
percentage3=65.44297%
shares3=6685
percentage4=1644.066%
shares4=442881.8
percentage5=2557.233%
shares5=274861.6
percentage6=-3.323536%
shares6=-760.199
stock1=600485
stock2=600485
stock3=600485
stock4=600485
stock5=600485
stock6=600485
